Accuracy:0.9653333333333334
Precision:0.9686764930331107
Recall:0.97174784467983
F1 score:0.9682821720164836
