Accuracy:0.8266666666666667
Precision:0.8621893229212308
Recall:0.836080206048037
F1 score:0.823236856728804
